[Scalar Loop:1] 
	Start: 1648929433219655147
	End: 1648929433219655625
	Duration: 478ns (0.000478ms)
[Vectorized Loop:2] 
	Start: 1648929433219762675
	End: 1648929433219762915
	Duration: 240ns (0.00024ms)
[Entire Test:0] 
	Start: 1648929433219653924
	End: 1648929433219776759
	Duration: 122835ns (0.122835ms)
